# power-residue certificate: p=113 rho=3 r=2 k=6 z=1 choice=1
# claims W(2,6) > 1131
2
6 6
1131
2 2 1 1 1 1 2 2 1 2 2 2 2 2 1 2 1 1 1 1 2 1 1 1 2 2 1 1 1 1 1 2 1 1 2 1 1 1 2 1 2 2 2 1 1 1 2 1 2 2 1 2 1 2 2 1 1 2 2 1
1 2 1 2 1 1 2 1 2 2 2 1 1 1 2 1 2 2 2 1 2 2 1 2 2 2 2 2 1 1 2 2 2 1 2 2 2 2 1 2 1 1 1 1 1 2 1 1 2 2 2 2 1 1 1 2 2 2 2 1
1 2 1 1 1 1 1 2 1 2 2 2 2 1 2 2 2 1 1 2 2 2 2 2 1 2 2 1 2 2 2 1 2 1 1 1 2 2 2 1 2 1 1 2 1 2 1 1 2 2 1 1 2 2 1 2 1 2 2 1
2 1 1 1 2 2 2 1 2 1 1 1 2 1 1 2 1 1 1 1 1 2 2 1 1 1 2 1 1 1 1 2 1 2 2 2 2 2 1 2 2 1 1 1 1 2 2 2 1 1 1 1 2 2 1 2 2 2 2 2
1 2 1 1 1 1 2 1 1 1 2 2 1 1 1 1 1 2 1 1 2 1 1 1 2 1 2 2 2 1 1 1 2 1 2 2 1 2 1 2 2 1 1 2 2 1 1 2 1 2 1 1 2 1 2 2 2 1 1 1
2 1 2 2 2 1 2 2 1 2 2 2 2 2 1 1 2 2 2 1 2 2 2 2 1 2 1 1 1 1 1 2 1 1 2 2 2 2 1 1 1 2 2 2 2 1 1 2 1 1 1 1 1 2 1 2 2 2 2 1
2 2 2 1 1 2 2 2 2 2 1 2 2 1 2 2 2 1 2 1 1 1 2 2 2 1 2 1 1 2 1 2 1 1 2 2 1 1 2 2 1 2 1 2 2 1 2 1 1 1 2 2 2 1 2 1 1 1 2 1
1 2 1 1 1 1 1 2 2 1 1 1 2 1 1 1 1 2 1 2 2 2 2 2 1 2 2 1 1 1 1 2 2 2 1 1 1 1 2 2 1 2 2 2 2 2 1 2 1 1 1 1 2 1 1 1 2 2 1 1
1 1 1 2 1 1 2 1 1 1 2 1 2 2 2 1 1 1 2 1 2 2 1 2 1 2 2 1 1 2 2 1 1 2 1 2 1 1 2 1 2 2 2 1 1 1 2 1 2 2 2 1 2 2 1 2 2 2 2 2
1 1 2 2 2 1 2 2 2 2 1 2 1 1 1 1 1 2 1 1 2 2 2 2 1 1 1 2 2 2 2 1 1 2 1 1 1 1 1 2 1 2 2 2 2 1 2 2 2 1 1 2 2 2 2 2 1 2 2 1
2 2 2 1 2 1 1 1 2 2 2 1 2 1 1 2 1 2 1 1 2 2 1 1 2 2 1 2 1 2 2 1 2 1 1 1 2 2 2 1 2 1 1 1 2 1 1 2 1 1 1 1 1 2 2 1 1 1 2 1
1 1 1 2 1 2 2 2 2 2 1 2 2 1 1 1 1 2 2 2 1 1 1 1 2 2 1 2 2 2 2 2 1 2 1 1 1 1 2 1 1 1 2 2 1 1 1 1 1 2 1 1 2 1 1 1 2 1 2 2
2 1 1 1 2 1 2 2 1 2 1 2 2 1 1 2 2 1 1 2 1 2 1 1 2 1 2 2 2 1 1 1 2 1 2 2 2 1 2 2 1 2 2 2 2 2 1 1 2 2 2 1 2 2 2 2 1 2 1 1
1 1 1 2 1 1 2 2 2 2 1 1 1 2 2 2 2 1 1 2 1 1 1 1 1 2 1 2 2 2 2 1 2 2 2 1 1 2 2 2 2 2 1 2 2 1 2 2 2 1 2 1 1 1 2 2 2 1 2 1
1 2 1 2 1 1 2 2 1 1 2 2 1 2 1 2 2 1 2 1 1 1 2 2 2 1 2 1 1 1 2 1 1 2 1 1 1 1 1 2 2 1 1 1 2 1 1 1 1 2 1 2 2 2 2 2 1 2 2 1
1 1 1 2 2 2 1 1 1 1 2 2 1 2 2 2 2 2 1 2 1 1 1 1 2 1 1 1 2 2 1 1 1 1 1 2 1 1 2 1 1 1 2 1 2 2 2 1 1 1 2 1 2 2 1 2 1 2 2 1
1 2 2 1 1 2 1 2 1 1 2 1 2 2 2 1 1 1 2 1 2 2 2 1 2 2 1 2 2 2 2 2 1 1 2 2 2 1 2 2 2 2 1 2 1 1 1 1 1 2 1 1 2 2 2 2 1 1 1 2
2 2 2 1 1 2 1 1 1 1 1 2 1 2 2 2 2 1 2 2 2 1 1 2 2 2 2 2 1 2 2 1 2 2 2 1 2 1 1 1 2 2 2 1 2 1 1 2 1 2 1 1 2 2 1 1 2 2 1 2
1 2 2 1 2 1 1 1 2 2 2 1 2 1 1 1 2 1 1 2 1 1 1 1 1 2 2 1 1 1 2 1 1 1 1 2 1 2 2 2 2 2 1 2 2 1 1 1 1 2 1
