# power-residue certificate: p=617 rho=3 r=2 k=7 z=0 choice=1
# claims W(2,7) > 3703
2
7 7
3703
2 1 1 2 1 2 2 1 1 1 2 1 2 2 1 1 1 2 1 1 2 2 1 2 2 1 2 2 1 2 1 1 1 2 2 2 1 1 1 1 2 1 2 1 1 2 2 1 2 1 1 1 2 2 2 2 1 2 2 1
1 2 1 1 1 1 2 1 2 1 2 1 1 2 1 2 1 1 1 1 2 1 1 1 2 1 1 1 1 2 2 2 2 2 1 2 2 1 1 1 1 2 1 2 2 1 2 2 2 2 2 2 1 1 2 1 2 2 1 2
1 1 2 2 1 2 1 2 1 2 1 2 2 1 1 1 2 1 1 2 2 2 1 2 1 1 2 2 1 2 2 2 1 2 1 2 1 1 1 1 2 2 1 2 1 1 1 1 2 1 1 1 1 2 1 1 1 2 2 1
2 2 2 1 2 2 2 2 1 2 2 2 2 2 1 2 1 1 1 1 1 2 2 2 1 2 2 2 2 1 1 2 2 2 2 2 2 1 2 1 2 1 2 1 1 1 1 2 2 1 1 2 2 2 2 2 1 2 2 2
1 1 1 2 2 2 2 2 1 2 2 1 1 2 2 2 1 2 2 1 1 2 2 2 2 1 1 1 1 1 1 2 2 1 1 1 1 1 2 1 2 2 2 1 1 1 2 1 1 1 1 2 2 1 2 2 1 2 2 1
2 1 2 1 1 1 2 2 1 1 2 2 1 1 1 2 1 2 1 2 2 1 2 2 1 2 2 1 1 1 1 2 1 1 1 2 2 2 1 2 1 1 1 1 1 2 2 1 1 1 1 1 1 2 2 2 2 1 1 2
2 1 2 2 2 1 1 2 2 1 2 2 2 2 2 1 1 1 2 2 2 1 2 2 2 2 2 1 1 2 2 1 1 1 1 2 1 2 1 2 1 2 2 2 2 2 2 1 1 2 2 2 2 1 2 2 2 1 1 1
1 1 2 1 2 2 2 2 2 1 2 2 2 2 1 2 2 2 1 2 2 1 1 1 2 1 1 1 1 2 1 1 1 1 2 1 2 2 1 1 1 1 2 1 2 1 2 2 2 1 2 2 1 1 2 1 2 2 2 1
1 2 1 1 1 2 2 1 2 1 2 1 2 1 2 2 1 1 2 1 2 2 1 2 1 1 2 2 2 2 2 2 1 2 2 1 2 1 1 1 1 2 2 1 2 2 2 2 2 1 1 1 1 2 1 1 1 2 1 1
1 1 2 1 2 1 1 2 1 2 1 2 1 1 1 1 2 1 1 2 2 1 2 2 2 2 1 1 1 2 1 2 2 1 1 2 1 2 1 1 1 1 2 2 2 1 1 1 2 1 2 2 1 2 2 1 2 2 1 1
2 1 1 1 2 2 1 2 1 1 1 2 2 1 2 1 1 1 1 1 2 1 2 2 1 1 1 2 1 2 2 1 1 1 2 1 1 2 2 1 2 2 1 2 2 1 2 1 1 1 2 2 2 1 1 1 1 2 1 2
1 1 2 2 1 2 1 1 1 2 2 2 2 1 2 2 1 1 2 1 1 1 1 2 1 2 1 2 1 1 2 1 2 1 1 1 1 2 1 1 1 2 1 1 1 1 2 2 2 2 2 1 2 2 1 1 1 1 2 1
2 2 1 2 2 2 2 2 2 1 1 2 1 2 2 1 2 1 1 2 2 1 2 1 2 1 2 1 2 2 1 1 1 2 1 1 2 2 2 1 2 1 1 2 2 1 2 2 2 1 2 1 2 1 1 1 1 2 2 1
2 1 1 1 1 2 1 1 1 1 2 1 1 1 2 2 1 2 2 2 1 2 2 2 2 1 2 2 2 2 2 1 2 1 1 1 1 1 2 2 2 1 2 2 2 2 1 1 2 2 2 2 2 2 1 2 1 2 1 2
1 1 1 1 2 2 1 1 2 2 2 2 2 1 2 2 2 1 1 1 2 2 2 2 2 1 2 2 1 1 2 2 2 1 2 2 1 1 2 2 2 2 1 1 1 1 1 1 2 2 1 1 1 1 1 2 1 2 2 2
1 1 1 2 1 1 1 1 2 2 1 2 2 1 2 2 1 2 1 2 1 1 1 2 2 1 1 2 2 1 1 1 2 1 2 1 2 2 1 2 2 1 2 2 1 1 1 1 2 1 1 1 2 2 2 1 2 1 1 1
1 1 2 2 1 1 1 1 1 1 2 2 2 2 1 1 2 2 1 2 2 2 1 1 2 2 1 2 2 2 2 2 1 1 1 2 2 2 1 2 2 2 2 2 1 1 2 2 1 1 1 1 2 1 2 1 2 1 2 2
2 2 2 2 1 1 2 2 2 2 1 2 2 2 1 1 1 1 1 2 1 2 2 2 2 2 1 2 2 2 2 1 2 2 2 1 2 2 1 1 1 2 1 1 1 1 2 1 1 1 1 2 1 2 2 1 1 1 1 2
1 2 1 2 2 2 1 2 2 1 1 2 1 2 2 2 1 1 2 1 1 1 2 2 1 2 1 2 1 2 1 2 2 1 1 2 1 2 2 1 2 1 1 2 2 2 2 2 2 1 2 2 1 2 1 1 1 1 2 2
1 2 2 2 2 2 1 1 1 1 2 1 1 1 2 1 1 1 1 2 1 2 1 1 2 1 2 1 2 1 1 1 1 2 1 1 2 2 1 2 2 2 2 1 1 1 2 1 2 2 1 1 2 1 2 1 1 1 1 2
2 2 1 1 1 2 1 2 2 1 2 2 1 2 2 1 1 2 1 1 1 2 2 1 2 1 1 1 2 2 1 2 1 1 1 1 1 2 1 2 2 1 1 1 2 1 2 2 1 1 1 2 1 1 2 2 1 2 2 1
2 2 1 2 1 1 1 2 2 2 1 1 1 1 2 1 2 1 1 2 2 1 2 1 1 1 2 2 2 2 1 2 2 1 1 2 1 1 1 1 2 1 2 1 2 1 1 2 1 2 1 1 1 1 2 1 1 1 2 1
1 1 1 2 2 2 2 2 1 2 2 1 1 1 1 2 1 2 2 1 2 2 2 2 2 2 1 1 2 1 2 2 1 2 1 1 2 2 1 2 1 2 1 2 1 2 2 1 1 1 2 1 1 2 2 2 1 2 1 1
2 2 1 2 2 2 1 2 1 2 1 1 1 1 2 2 1 2 1 1 1 1 2 1 1 1 1 2 1 1 1 2 2 1 2 2 2 1 2 2 2 2 1 2 2 2 2 2 1 2 1 1 1 1 1 2 2 2 1 2
2 2 2 1 1 2 2 2 2 2 2 1 2 1 2 1 2 1 1 1 1 2 2 1 1 2 2 2 2 2 1 2 2 2 1 1 1 2 2 2 2 2 1 2 2 1 1 2 2 2 1 2 2 1 1 2 2 2 2 1
1 1 1 1 1 2 2 1 1 1 1 1 2 1 2 2 2 1 1 1 2 1 1 1 1 2 2 1 2 2 1 2 2 1 2 1 2 1 1 1 2 2 1 1 2 2 1 1 1 2 1 2 1 2 2 1 2 2 1 2
2 1 1 1 1 2 1 1 1 2 2 2 1 2 1 1 1 1 1 2 2 1 1 1 1 1 1 2 2 2 2 1 1 2 2 1 2 2 2 1 1 2 2 1 2 2 2 2 2 1 1 1 2 2 2 1 2 2 2 2
2 1 1 2 2 1 1 1 1 2 1 2 1 2 1 2 2 2 2 2 2 1 1 2 2 2 2 1 2 2 2 1 1 1 1 1 2 1 2 2 2 2 2 1 2 2 2 2 1 2 2 2 1 2 2 1 1 1 2 1
1 1 1 2 1 1 1 1 2 1 2 2 1 1 1 1 2 1 2 1 2 2 2 1 2 2 1 1 2 1 2 2 2 1 1 2 1 1 1 2 2 1 2 1 2 1 2 1 2 2 1 1 2 1 2 2 1 2 1 1
2 2 2 2 2 2 1 2 2 1 2 1 1 1 1 2 2 1 2 2 2 2 2 1 1 1 1 2 1 1 1 2 1 1 1 1 2 1 2 1 1 2 1 2 1 2 1 1 1 1 2 1 1 2 2 1 2 2 2 2
1 1 1 2 1 2 2 1 1 2 1 2 1 1 1 1 2 2 2 1 1 1 2 1 2 2 1 2 2 1 2 2 1 1 2 1 1 1 2 2 1 2 1 1 1 2 2 1 2 1 1 1 1 1 2 1 2 2 1 1
1 2 1 2 2 1 1 1 2 1 1 2 2 1 2 2 1 2 2 1 2 1 1 1 2 2 2 1 1 1 1 2 1 2 1 1 2 2 1 2 1 1 1 2 2 2 2 1 2 2 1 1 2 1 1 1 1 2 1 2
1 2 1 1 2 1 2 1 1 1 1 2 1 1 1 2 1 1 1 1 2 2 2 2 2 1 2 2 1 1 1 1 2 1 2 2 1 2 2 2 2 2 2 1 1 2 1 2 2 1 2 1 1 2 2 1 2 1 2 1
2 1 2 2 1 1 1 2 1 1 2 2 2 1 2 1 1 2 2 1 2 2 2 1 2 1 2 1 1 1 1 2 2 1 2 1 1 1 1 2 1 1 1 1 2 1 1 1 2 2 1 2 2 2 1 2 2 2 2 1
2 2 2 2 2 1 2 1 1 1 1 1 2 2 2 1 2 2 2 2 1 1 2 2 2 2 2 2 1 2 1 2 1 2 1 1 1 1 2 2 1 1 2 2 2 2 2 1 2 2 2 1 1 1 2 2 2 2 2 1
2 2 1 1 2 2 2 1 2 2 1 1 2 2 2 2 1 1 1 1 1 1 2 2 1 1 1 1 1 2 1 2 2 2 1 1 1 2 1 1 1 1 2 2 1 2 2 1 2 2 1 2 1 2 1 1 1 2 2 1
1 2 2 1 1 1 2 1 2 1 2 2 1 2 2 1 2 2 1 1 1 1 2 1 1 1 2 2 2 1 2 1 1 1 1 1 2 2 1 1 1 1 1 1 2 2 2 2 1 1 2 2 1 2 2 2 1 1 2 2
1 2 2 2 2 2 1 1 1 2 2 2 1 2 2 2 2 2 1 1 2 2 1 1 1 1 2 1 2 1 2 1 2 2 2 2 2 2 1 1 2 2 2 2 1 2 2 2 1 1 1 1 1 2 1 2 2 2 2 2
1 2 2 2 2 1 2 2 2 1 2 2 1 1 1 2 1 1 1 1 2 1 1 1 1 2 1 2 2 1 1 1 1 2 1 2 1 2 2 2 1 2 2 1 1 2 1 2 2 2 1 1 2 1 1 1 2 2 1 2
1 2 1 2 1 2 2 1 1 2 1 2 2 1 2 1 1 2 2 2 2 2 2 1 2 2 1 2 1 1 1 1 2 2 1 2 2 2 2 2 1 1 1 1 2 1 1 1 2 1 1 1 1 2 1 2 1 1 2 1
2 1 2 1 1 1 1 2 1 1 2 2 1 2 2 2 2 1 1 1 2 1 2 2 1 1 2 1 2 1 1 1 1 2 2 2 1 1 1 2 1 2 2 1 2 2 1 2 2 1 1 2 1 1 1 2 2 1 2 1
1 1 2 2 1 2 1 1 1 1 1 2 1 2 2 1 1 1 2 1 2 2 1 1 1 2 1 1 2 2 1 2 2 1 2 2 1 2 1 1 1 2 2 2 1 1 1 1 2 1 2 1 1 2 2 1 2 1 1 1
2 2 2 2 1 2 2 1 1 2 1 1 1 1 2 1 2 1 2 1 1 2 1 2 1 1 1 1 2 1 1 1 2 1 1 1 1 2 2 2 2 2 1 2 2 1 1 1 1 2 1 2 2 1 2 2 2 2 2 2
1 1 2 1 2 2 1 2 1 1 2 2 1 2 1 2 1 2 1 2 2 1 1 1 2 1 1 2 2 2 1 2 1 1 2 2 1 2 2 2 1 2 1 2 1 1 1 1 2 2 1 2 1 1 1 1 2 1 1 1
1 2 1 1 1 2 2 1 2 2 2 1 2 2 2 2 1 2 2 2 2 2 1 2 1 1 1 1 1 2 2 2 1 2 2 2 2 1 1 2 2 2 2 2 2 1 2 1 2 1 2 1 1 1 1 2 2 1 1 2
2 2 2 2 1 2 2 2 1 1 1 2 2 2 2 2 1 2 2 1 1 2 2 2 1 2 2 1 1 2 2 2 2 1 1 1 1 1 1 2 2 1 1 1 1 1 2 1 2 2 2 1 1 1 2 1 1 1 1 2
2 1 2 2 1 2 2 1 2 1 2 1 1 1 2 2 1 1 2 2 1 1 1 2 1 2 1 2 2 1 2 2 1 2 2 1 1 1 1 2 1 1 1 2 2 2 1 2 1 1 1 1 1 2 2 1 1 1 1 1
1 2 2 2 2 1 1 2 2 1 2 2 2 1 1 2 2 1 2 2 2 2 2 1 1 1 2 2 2 1 2 2 2 2 2 1 1 2 2 1 1 1 1 2 1 2 1 2 1 2 2 2 2 2 2 1 1 2 2 2
2 1 2 2 2 1 1 1 1 1 2 1 2 2 2 2 2 1 2 2 2 2 1 2 2 2 1 2 2 1 1 1 2 1 1 1 1 2 1 1 1 1 2 1 2 2 1 1 1 1 2 1 2 1 2 2 2 1 2 2
1 1 2 1 2 2 2 1 1 2 1 1 1 2 2 1 2 1 2 1 2 1 2 2 1 1 2 1 2 2 1 2 1 1 2 2 2 2 2 2 1 2 2 1 2 1 1 1 1 2 2 1 2 2 2 2 2 1 1 1
1 2 1 1 1 2 1 1 1 1 2 1 2 1 1 2 1 2 1 2 1 1 1 1 2 1 1 2 2 1 2 2 2 2 1 1 1 2 1 2 2 1 1 2 1 2 1 1 1 1 2 2 2 1 1 1 2 1 2 2
1 2 2 1 2 2 1 1 2 1 1 1 2 2 1 2 1 1 1 2 2 1 2 1 1 1 1 1 2 1 2 2 1 1 1 2 1 2 2 1 1 1 2 1 1 2 2 1 2 2 1 2 2 1 2 1 1 1 2 2
2 1 1 1 1 2 1 2 1 1 2 2 1 2 1 1 1 2 2 2 2 1 2 2 1 1 2 1 1 1 1 2 1 2 1 2 1 1 2 1 2 1 1 1 1 2 1 1 1 2 1 1 1 1 2 2 2 2 2 1
2 2 1 1 1 1 2 1 2 2 1 2 2 2 2 2 2 1 1 2 1 2 2 1 2 1 1 2 2 1 2 1 2 1 2 1 2 2 1 1 1 2 1 1 2 2 2 1 2 1 1 2 2 1 2 2 2 1 2 1
2 1 1 1 1 2 2 1 2 1 1 1 1 2 1 1 1 1 2 1 1 1 2 2 1 2 2 2 1 2 2 2 2 1 2 2 2 2 2 1 2 1 1 1 1 1 2 2 2 1 2 2 2 2 1 1 2 2 2 2
2 2 1 2 1 2 1 2 1 1 1 1 2 2 1 1 2 2 2 2 2 1 2 2 2 1 1 1 2 2 2 2 2 1 2 2 1 1 2 2 2 1 2 2 1 1 2 2 2 2 1 1 1 1 1 1 2 2 1 1
1 1 1 2 1 2 2 2 1 1 1 2 1 1 1 1 2 2 1 2 2 1 2 2 1 2 1 2 1 1 1 2 2 1 1 2 2 1 1 1 2 1 2 1 2 2 1 2 2 1 2 2 1 1 1 1 2 1 1 1
2 2 2 1 2 1 1 1 1 1 2 2 1 1 1 1 1 1 2 2 2 2 1 1 2 2 1 2 2 2 1 1 2 2 1 2 2 2 2 2 1 1 1 2 2 2 1 2 2 2 2 2 1 1 2 2 1 1 1 1
2 1 2 1 2 1 2 2 2 2 2 2 1 1 2 2 2 2 1 2 2 2 1 1 1 1 1 2 1 2 2 2 2 2 1 2 2 2 2 1 2 2 2 1 2 2 1 1 1 2 1 1 1 1 2 1 1 1 1 2
1 2 2 1 1 1 1 2 1 2 1 2 2 2 1 2 2 1 1 2 1 2 2 2 1 1 2 1 1 1 2 2 1 2 1 2 1 2 1 2 2 1 1 2 1 2 2 1 2 1 1 2 2 2 2 2 2 1 2 2
1 2 1 1 1 1 2 2 1 2 2 2 2 2 1 1 1 1 2 1 1 1 2 1 1 1 1 2 1 2 1 1 2 1 2 1 2 1 1 1 1 2 1 1 2 2 1 2 2 2 2 1 1 1 2 1 2 2 1 1
2 1 2 1 1 1 1 2 2 2 1 1 1 2 1 2 2 1 2 2 1 2 2 1 1 2 1 1 1 2 2 1 2 1 1 1 2 2 1 2 1 1 1
