# BEST-STATE (NOT a certificate): n=345 r=7 best_nv=1
7
3 3 3 3 3 3 3
345
2 2 4 1 6 5 3 5 5 1 4 1 7 5 5 3 5 1 7 6 6 7 6 4 1 2 2 1 6 1 3 5 3 2 2 3 7 7 4 2 5 4 3 5 1 6 6 4 3 7 3 6 5 1 6 7 3 7 2 3
3 2 2 7 4 4 7 7 5 6 4 3 7 4 3 2 5 6 6 2 1 6 7 1 7 5 5 2 4 5 6 7 1 2 6 3 4 4 1 7 4 3 3 5 3 1 5 5 1 4 2 3 6 4 6 3 5 7 7 1
2 7 3 6 5 3 1 6 1 1 7 4 3 4 7 1 7 2 3 6 5 6 4 2 6 6 4 3 6 5 3 2 5 5 6 2 1 7 4 1 4 5 6 4 4 7 7 4 2 2 1 1 2 4 1 6 5 3 5 5
1 4 1 7 5 5 3 5 1 7 6 6 7 6 4 1 2 2 1 6 1 3 5 3 2 2 3 7 7 4 2 5 4 3 5 1 6 6 4 3 7 3 6 5 1 6 7 3 7 2 3 3 2 2 7 4 4 7 7 5
6 4 3 7 4 3 2 5 6 6 2 1 6 7 1 7 5 5 2 4 5 6 7 1 2 6 3 4 4 1 7 4 3 3 5 3 1 5 5 1 4 2 3 6 4 6 3 5 7 7 1 2 7 3 6 5 3 1 6 1
1 7 4 3 4 7 1 7 2 3 6 5 6 4 2 6 6 4 3 6 5 3 2 5 5 6 2 1 7 4 1 4 5 6 4 4 7 7 4 2 2 1 1 4 4
